69 0.008283432306148331 11053.152898607708
101 0.011750591586374788 16608.397785457815
0 0.008283432306148331 23.49468024894146
88 0.010943563183730904 14940.740744688665
5 0.008741462693646944 653.5594846683812
10 0.008283432306148331 1045.1741481686197
56 0.04468387484368494 10005.025187374593
42 0.008792845238599559 6419.286253159303
24 0.008283432306148331 3195.475394992113
37 0.008650011977146273 6120.326135100971
25 0.008283432306148331 3234.830134643858
52 0.010648736817850545 8000.103874325633
14 0.008283432306148331 1953.2493440418712
20 0.008947120941988641 2848.3400429021813
46 0.008283432306148331 7155.242343904223
93 0.009184078771973723 15939.689457451797
57 0.008283432306148331 10039.66518366026
78 0.008283432306148331 11573.528416174559
29 0.008283432306148331 3682.2002933029053
106 0.008454472143970822 18339.756187038038
84 0.008283432306148331 14583.734466864104
61 0.008283432306148331 10718.876200423252
89 0.009532572436511599 14968.829947594435
1 0.012671988131239586 45.37620521815371
74 0.008283432306148331 11158.993323772534
6 0.008283432306148331 662.4432051127101
60 0.008473413636571697 10710.005555554115
85 0.008283432306148331 14760.609845124964
102 0.008283432306148331 16721.66468985669
28 0.008283432306148331 3634.0337092547725
38 0.0100835138236847 6134.911898307913
70 0.008283432306148331 11054.629573169786
21 0.009712418419353656 2938.999829874102
33 0.008283432306148331 3989.0765848752517
92 0.008283432306148331 15172.47982368077
65 0.0100835138236847 10840.913568514417
97 0.008283432306148331 16219.435779335852
9 0.008283432306148331 1029.6251745174065
53 0.008283432306148331 8593.536640987806
77 0.008283432306148331 11476.369591469247
96 0.008283432306148331 16152.751189812836
13 0.008283432306148331 1945.6304890703168
41 0.008283432306148331 6302.062678203066
73 0.008283432306148331 11113.307698430743
105 0.008283432306148331 17225.12197344332
2 0.008283432306148331 123.72146135574054
32 0.008283432306148331 3892.7722769255333
34 0.014616263078589159 4395.626576496234
45 0.008283432306148331 6925.12779665473
64 0.010393701343022076 10826.94084217698
17 0.008963006214460195 2327.508968833418
22 0.008283432306148331 3123.346122350195
44 0.008283432306148331 6913.796424541295
59 0.008283432306148331 10669.689967379558
27 0.008283432306148331 3623.48050912379
71 0.008283432306148331 11055.66203354643
12 0.013916774539527284 1933.7900609942126
54 0.008283432306148331 8606.59566843941
49 0.008283432306148331 7452.721315063378
86 0.008283432306148331 14822.211710807534
81 0.008283432306148331 12803.805840452284
76 0.008283432306148331 11418.435838590152
7 0.009949384309169465 703.5602319631206
39 0.008650011977146273 6158.341741085826
98 0.011750591586374788 16259.987792123338
103 0.008283432306148331 17134.283235665273
91 0.008283432306148331 15137.715019116988
66 0.008283432306148331 10952.833240764692
3 0.008741462693646944 501.04590608047084
80 0.008409894042813126 12770.043343700912
35 0.010484648395910902 5949.563009162942
48 0.008283432306148331 7311.521661049771
63 0.008283432306148331 10766.20973230598
18 0.008283432306148331 2356.584817060485
95 0.008283432306148331 16063.309434858062
50 0.008283432306148331 7454.685975948282
67 0.008283432306148331 10994.77871537213
16 0.008283432306148331 2181.441725098335
31 0.00891405060575456 3770.075198189023
11 0.008283432306148331 1136.4690932885064
72 0.00832981570789049 11077.283511764064
43 0.008650011977146273 6799.486598266078
99 0.008283432306148331 16265.978144581408
87 0.00925636198324662 14836.035049837272
104 0.008582755409477234 17140.209333610834
40 0.008283432306148331 6245.101760580047
26 0.008283432306148331 3340.3695903297885
55 0.008473413636571697 9610.194586999787
23 0.008283432306148331 3161.2350434600717
8 0.010282381841423074 763.8566619464675
75 0.008283432306148331 11272.752281497185
58 0.0098695916047855 10522.834456552095
82 0.00834854327854695 12828.100794739648
36 0.009679610274362134 5965.097484534515
30 0.008283432306148331 3709.363152887568
51 0.008283432306148331 7631.196105460795
19 0.008283432306148331 2771.430857878291
4 0.010723072445134053 515.2610988615384
79 0.014403045831424866 12759.855132406481
94 0.008283432306148331 16033.914805810839
47 0.008473413636571697 7226.119152076029
15 0.008283432306148331 2142.675430390707
68 0.008283432306148331 11038.45301661424
62 0.008283432306148331 10754.722869511794
90 0.008283432306148331 14997.899919655418
83 0.01715108156424732 14564.508985887578
100 0.014926401346954906 16587.337158205955
