645 0.0011071332614836801 14.142135623730951
69 0.001365097259653215 1681.8150909062506
809 0.0011071332614836801 5.5677643628300215
629 0.0011170515480874003 99.23708984044222
365 0.0011071332614836801 485.7921366181219
138 0.0011071332614836801 196.92384314754779
760 0.0011071332614836801 45.56314299957807
101 0.0011071332614836801 61.28621378417825
479 0.0011071332614836801 10.816653826391969
347 0.0011071332614836801 20.591260281974
846 0.0011071332614836801 123.64465212858985
333 0.0011071332614836801 389.7832731146887
628 0.0011071332614836801 135.95587519485872
249 0.0011174226404433217 522.2566418917045
518 0.0011071332614836801 44.181444068749045
468 0.0011071332614836801 158.60958356921563
234 0.0011071332614836801 217.9380645963435
0 0.0011071332614836801 257.3518991575543
777 0.001195680077651645 1231.135654588884
555 0.0011071332614836801 362.64859023578185
666 0.0011071332614836801 377.9272416749023
88 0.001179586481486597 280.42289492835636
481 0.001252463431093125 1447.1617048554042
352 0.0011313338807967574 652.7212268648844
408 0.0011071332614836801 547.3362768901766
170 0.0011071332614836801 724.3486729469448
523 0.0011071332614836801 461.19952298327456
582 0.0011071332614836801 115.5551816233266
762 0.0011071332614836801 912.7831067674292
115 0.0018349484729161586 869.1645413844262
683 0.0011298014673795636 545.4612726857883
730 0.0011071332614836801 510.3371434649843
217 0.0011071332614836801 49.05099387372289
276 0.001569856501783704 1246.8059191389814
308 0.0011071332614836801 1156.1998097214857
741 0.0011071332614836801 555.3737480291989
5 0.0012751931178244956 169.94410845922255
449 0.0011071332614836801 262.88210285221015
120 0.0011071332614836801 238.0
247 0.0011071332614836801 301.2806001056158
379 0.0011071332614836801 371.14013525890726
440 0.0011071332614836801 20.024984394500787
655 0.0030574010773621926 1389.8942405809155
511 0.0011071332614836801 238.33589742210467
614 0.0011071332614836801 206.24742422634034
269 0.0013758832421461062 905.6229899908681
677 0.0011071332614836801 1315.3444415817478
202 0.0011071332614836801 196.29824247812306
597 0.001124331365490239 1355.1512830676877
861 0.0011071332614836801 8.246211251235321
10 0.0011071332614836801 937.8251436168684
385 0.0011071332614836801 524.0667896365882
384 0.0011071332614836801 19.1049731745428
56 0.0011071332614836801 15.905973720586866
533 0.0015050671971617948 544.7430586983188
550 0.0011071332614836801 47.57099956906519
142 0.0011071332614836801 90.42123644365851
500 0.0011201354660301298 326.400061274504
797 0.0011071332614836801 180.31361568112376
715 0.0011071332614836801 574.9478237196832
472 0.0011580937430961545 325.83431372401526
814 0.0011071332614836801 46.216880033165374
698 0.0011071332614836801 475.0442084690645
747 0.0011071332614836801 353.3086469363579
340 0.0012629039638160963 1098.870329019762
538 0.0011071332614836801 7.14142842854285
153 0.0011071332614836801 585.0487159203069
670 0.0014377145160236247 845.642359393142
829 0.0011071332614836801 221.71152428324515
174 0.0011071332614836801 177.16376604712374
404 0.001227386474335135 1014.0261337855154
185 0.0011071332614836801 203.51412727375956
42 0.0011071332614836801 377.90474990399366
782 0.0011275881309596614 544.2756654490443
709 0.0011071332614836801 87.5328509760764
841 0.0011071332614836801 133.9738780509096
417 0.0011195784771628131 541.6207159996744
24 0.0011906052598800163 109.92724866929036
288 0.0011414768081958457 1553.8680767684236
301 0.0011071332614836801 425.2023047914957
320 0.0014826671263056168 2214.5622592286722
565 0.0011071332614836801 34.91418050019218
436 0.0011071332614836801 6.782329983125268
37 0.0011071332614836801 32.48076353782343
25 0.0012372568875321536 143.65583872575453
651 0.0011071332614836801 222.2588580911906
257 0.0011071332614836801 325.2399114499941
389 0.0011071332614836801 60.860496218811754
52 0.0011071332614836801 223.93302570188257
724 0.0011071332614836801 24.041630560342615
14 0.0011071332614836801 186.27936010197158
570 0.0011071332614836801 904.1222262504114
184 0.0011071332614836801 277.7966882451985
719 0.00142634610696556 969.8984482923972
785 0.0011071332614836801 93.5467797414748
372 0.0011071332614836801 235.76471322061747
504 0.0011071332614836801 388.35293226651453
110 0.0011071332614836801 974.3331052571292
587 0.0011071332614836801 631.1774710808363
619 0.0011071332614836801 686.0029154456998
838 0.0011212186444706101 830.0728883658351
702 0.0011705288900883749 302.1423505568195
751 0.0011903150302180635 167.29016707505556
802 0.0011071332614836801 67.90434448545984
125 0.0011071332614836801 879.8306655260432
344 0.0011071332614836801 310.5076488590901
357 0.0011479839242055957 675.5938128787149
196 0.0011071332614836801 185.84133017173548
542 0.0011071332614836801 47.69696007084728
460 0.0011071332614836801 129.48745112944343
157 0.0011071332614836801 5.477225575051661
817 0.001142674078036523 1170.7228536250584
559 0.0011071332614836801 1397.559658833926
638 0.0011479812922690078 638.6634481477705
853 0.0011071332614836801 185.3375299285064
189 0.0011071332614836801 396.4858131131554
20 0.0011370386112098678 190.3339171035998
421 0.0011426487956793794 1866.5698486796575
870 0.0011071332614836801 641.9890964806178
46 0.0011071332614836801 628.1186193705772
93 0.0011071332614836801 309.5141353799532
606 0.0011071332614836801 331.56899734444414
284 0.0011071332614836801 123.82649151130786
770 0.002612383585219788 1701.3259534845167
416 0.0011071332614836801 817.4918959842965
325 0.0011557493860401946 430.13253771366794
152 0.001159903039842501 8.12403840463596
228 0.0011071332614836801 636.1996541966995
289 0.0011071332614836801 146.96598245852678
448 0.0014630868920977177 16.852299546352718
57 0.0011071332614836801 75.0
316 0.0011071332614836801 449.54643809066044
78 0.0011071332614836801 415.3769372509745
261 0.001257842620875457 992.4892946525922
29 0.0011071332614836801 114.18406193510546
216 0.0011071332614836801 13.0
475 0.0011071332614836801 801.8516072191911
492 0.0011321004156331388 310.99035354814464
164 0.0011162970546598516 264.73949459799155
756 0.0012033636005869513 766.2917199082866
789 0.0011071332614836801 152.31217942108242
179 0.0011071332614836801 1142.3121289735132
591 0.0011071332614836801 27.94637722496424
443 0.0011071332614836801 68.51277253184256
321 0.0013240072655190027 951.2985861442243
376 0.0011071332614836801 24.0
623 0.0011123988444499723 235.9703371188845
211 0.0011071332614836801 36.59234892706397
646 0.0011190261776759388 942.7528838460267
253 0.0011071332614836801 346.85155326162226
485 0.0011071332614836801 121.34661099511597
834 0.0011071332614836801 614.2727407267882
106 0.0011071332614836801 166.71232707871366
238 0.0011071332614836801 120.57362895757927
121 0.0011071332614836801 208.85401600160816
514 0.0011071332614836801 168.25278600962304
348 0.0011071332614836801 10.14889156509222
574 0.0011307138014005971 1090.1862226243734
806 0.0011071332614836801 34.62657938636157
84 0.0011071332614836801 399.3870303352376
353 0.0011071332614836801 15.811388300841896
821 0.0012132763286463004 71.85401867675878
480 0.0011071332614836801 86.91950298983537
602 0.0011071332614836801 170.1763790894612
766 0.0011071332614836801 171.14029332684925
147 0.001124331365490239 253.94093801512193
397 0.0011071332614836801 23.558437978779494
687 0.0011071332614836801 74.23610981186985
280 0.0011071332614836801 1907.3279738943693
61 0.0011071332614836801 107.75899034419355
634 0.0011071332614836801 45.24378410345447
692 0.0011768779642690366 532.9652896765417
734 0.0011071332614836801 69.17369442208505
221 0.0011071332614836801 935.4982629593708
293 0.001146088024705713 1279.9242165065868
866 0.0011071332614836801 252.18842162161212
453 0.0011071332614836801 650.3668195718475
132 0.0011071332614836801 18.33030277982336
774 0.0011071332614836801 493.151092465585
396 0.0011071332614836801 165.05756571572235
89 0.0011240331353056614 484.06507826944096
133 0.0011789897678078137 211.16107595861507
660 0.0011071332614836801 167.53507095530773
411 0.0011403758704302148 1254.9689239180386
116 0.0011673700580361343 389.65882512782895
243 0.0011071332614836801 19.621416870348583
428 0.0011071332614836801 386.17353612074453
1 0.0011071332614836801 137.4918179383777
265 0.0011672753619343806 92.31467922275417
849 0.0011071332614836801 281.551061088393
507 0.0011071332614836801 15.588457268119896
527 0.0011071332614836801 29.8496231131986
312 0.0011071332614836801 120.33287165193059
74 0.0011071332614836801 599.2595431029864
206 0.0011071332614836801 29.79932885150268
307 0.0011071332614836801 25.278449319529077
292 0.0011071332614836801 361.70429911738677
233 0.0011071332614836801 252.4678197315452
452 0.0011439680566540974 1051.5878470199245
6 0.001140913370224548 247.0
248 0.0011071332614836801 13.601470508735444
60 0.0011189973232426066 74.27651041883968
380 0.0011071332614836801 994.096071815999
117 0.0012981065145725556 87.12060605849801
512 0.0011071332614836801 219.861319926903
439 0.0011071332614836801 17.4928556845359
678 0.001126093403372222 237.26567387635322
270 0.0011929796881313148 660.0090908464822
529 0.0011427776961188618 459.11654293871834
661 0.0023457559019004555 1761.1314544916856
546 0.0011071332614836801 72.74613391789285
793 0.0011514418251534634 412.05096772122744
85 0.0011071332614836801 44.68780594300866
201 0.0020758495002147896 1507.932690805528
761 0.003088853001576444 1962.7457807877208
810 0.0011071332614836801 93.11283477587824
381 0.0011071332614836801 207.84369126822205
220 0.0011071332614836801 163.8596960817394
366 0.0011071332614836801 843.7464073997589
534 0.0011071332614836801 83.61220006673668
102 0.0011174226404433217 466.9336141251773
714 0.0012080719313254254 201.5514822570154
798 0.0011071332614836801 440.71192405016683
334 0.0011422330102888538 1284.0506220550653
746 0.0011071332614836801 36.59234892706397
825 0.0012451029520800267 716.4677243253878
778 0.0011071332614836801 279.90534114232264
302 0.0011071332614836801 540.3174992539109
260 0.0011071332614836801 108.75660899458019
862 0.0011342640006239012 375.3411781299782
349 0.0011071332614836801 432.33898736986464
28 0.0011071332614836801 125.84116973391498
38 0.0011071332614836801 116.26693425045661
598 0.0011618687892874075 396.71400277781976
160 0.0011071332614836801 110.26785569693463
820 0.0011071332614836801 287.87844657077056
561 0.001115880894216485 1161.0792393286515
392 0.0011071332614836801 180.78163623554246
297 0.0011071332614836801 32.01562118716424
70 0.0011204547834807348 158.59697348940804
424 0.0011071332614836801 22.24859546128699
192 0.0011071332614836801 7.937253933193772
407 0.001180342885053011 600.1674766263163
693 0.0011393725889916864 754.787387282008
630 0.0011071332614836801 131.53706701914862
429 0.0011071332614836801 52.29722745997153
275 0.0011071332614836801 35.24202037341219
788 0.0011071332614836801 848.5764550115682
21 0.0011071332614836801 334.79844683032803
137 0.0011071332614836801 467.1091949426815
165 0.0011071332614836801 17.378147196982766
815 0.0011071332614836801 40.570925550201586
729 0.0011071332614836801 84.1486779456457
33 0.0011071332614836801 25.88435821108957
92 0.0011071332614836801 335.62777000719115
467 0.0011071332614836801 183.89671013914307
229 0.0011071332614836801 28.982753492378876
847 0.0011071332614836801 154.02272559593277
566 0.0011071332614836801 265.98684177981437
484 0.0011071332614836801 313.94744783163947
252 0.0011071332614836801 1366.0743025179852
197 0.0011071332614836801 178.68967513541457
361 0.0011831059166693277 643.6582944389049
65 0.0011071332614836801 41.32795663954365
625 0.0011071332614836801 172.6267650163207
852 0.0011071332614836801 61.26989472816156
435 0.0011071332614836801 229.71939404412507
97 0.0011071332614836801 186.72439583514523
329 0.0011071332614836801 379.0514476954283
665 0.0011201354660301298 85.55115428794635
583 0.0011071332614836801 142.772546380598
522 0.0011736184793767496 71.07038764492565
830 0.0011613775281947467 421.1745481388922
461 0.0011071332614836801 53.58171329847526
493 0.0011071332614836801 237.25513693068902
757 0.0011071332614836801 38.353617821530214
682 0.0011341120405588807 402.56552261712625
551 0.0011071332614836801 68.99275324264136
710 0.0011899320490402208 455.45581563967323
456 0.0011071332614836801 300.56945952641297
842 0.0011071332614836801 74.82646590612174
324 0.0011071332614836801 155.8428695834365
285 0.0011071332614836801 71.77743377970545
224 0.0011071332614836801 740.7010193053604
519 0.0011203035996631523 796.9071464104209
742 0.0011071332614836801 220.69662435116672
578 0.0017793726868469415 544.4455895679567
697 0.001239939858186649 615.4453671935471
317 0.0011071332614836801 247.41261083461367
650 0.0011071332614836801 20.639767440550294
156 0.0011071332614836801 190.65151454945223
615 0.0011071332614836801 445.35940542442796
725 0.0012410343570790038 70.03570517957252
403 0.0011071332614836801 102.44022647378324
9 0.0011071332614836801 457.43633436796426
188 0.0011480126859990144 170.19694474343538
388 0.0011071332614836801 61.48983655857283
53 0.0011071332614836801 184.53725911045714
356 0.0011071332614836801 290.4875212466105
169 0.0011378165745479308 799.0951132374669
593 0.0011071332614836801 53.600373133029585
141 0.0011071332614836801 10.392304845413264
869 0.0011071332614836801 475.889693101248
610 0.0011071332614836801 302.0910458785563
783 0.0011071332614836801 213.81767934387466
420 0.0011071332614836801 548.0629525884777
499 0.0011071332614836801 307.0618830138316
857 0.00111827134704708 263.04752422328556
109 0.0011071332614836801 84.49852069711044
328 0.0011071332614836801 353.4076965771968
471 0.0011071332614836801 141.42842712835352
256 0.0011071332614836801 247.86084805793755
488 0.0011071332614836801 124.04837765968566
124 0.0011172336869065 692.8845502679361
225 0.001228746030380528 1177.7295954505007
339 0.0011352735164988862 814.8815864897182
77 0.0011071332614836801 411.02068074489875
554 0.0011071332614836801 98.90399385262458
753 0.0014151095360464346 634.899992124744
193 0.0011226227844086298 346.4866519795532
537 0.0011071332614836801 164.4597215125941
669 0.0011071332614836801 178.4908961263851
686 0.0011071332614836801 144.44029908581606
476 0.0011071332614836801 13.711309200802088
642 0.0011071332614836801 138.84523758487362
526 0.0011071332614836801 439.0592215180089
637 0.0011071332614836801 184.77012745571184
489 0.0011071332614836801 307.7206525405794
590 0.0011071332614836801 250.36772954995618
679 0.0011071332614836801 170.17931719218996
547 0.0011071332614836801 68.43975452907469
212 0.0011071332614836801 42.649736224272246
706 0.0011071332614836801 109.19706955774959
96 0.0011071332614836801 38.39270764090493
622 0.0011071332614836801 230.19774108361707
837 0.0011071332614836801 28.74021572639983
393 0.0011071332614836801 44.710177812216315
647 0.0011071332614836801 101.59724405711013
701 0.0012301467243333703 334.31721463304876
515 0.0013306089745978079 1237.672816215982
738 0.0011071332614836801 319.95312156626943
654 0.0014795268452735357 791.4815222100892
457 0.0011071332614836801 108.2635672791175
173 0.0011071332614836801 46.3033476111609
721 0.0011613775281947467 267.149770727957
13 0.0011292141185211602 142.90206436577463
129 0.0011071332614836801 81.43095234614415
569 0.0011071332614836801 350.60519106253975
41 0.0011071332614836801 777.4676842158779
779 0.0012410343570790038 49.56813492557492
371 0.0011071332614836801 86.08716512930368
503 0.0011071332614836801 128.59237924542808
605 0.0011071332614836801 864.529351728442
134 0.00112778225407163 387.4493515286869
73 0.00113693697984954 322.1288562050907
128 0.0011071332614836801 134.72564715005083
343 0.0011800266931495775 181.39735389470266
237 0.0011071332614836801 245.83531072651056
105 0.0011071332614836801 1294.4790457940985
244 0.0011071332614836801 29.79932885150268
792 0.0011071332614836801 424.6916528494526
2 0.0011071332614836801 84.16056083463323
266 0.0011071332614836801 620.3845581572772
633 0.0011071332614836801 60.83584469702052
360 0.0011071332614836801 150.56892109595526
805 0.0011071332614836801 47.148700936505136
205 0.0011071332614836801 64.8074069840786
508 0.0011071332614836801 236.27526319951482
311 0.001188892110514349 462.26074892856735
541 0.0011071332614836801 106.155546251715
657 0.0013185091048299469 472.3981371682153
765 0.0013701834714084345 88.02272433866155
398 0.0011071332614836801 47.12748667179272
558 0.0011071332614836801 89.87769467448528
674 0.0011071332614836801 33.391615714128
530 0.0011561263259535612 1031.6171770574585
773 0.0011270007437351628 199.16324962201233
794 0.0011071332614836801 102.26436329435587
586 0.0011071332614836801 98.22932352408826
662 0.0011071332614836801 1260.0972184716543
718 0.0014551011737038437 96.45724441429995
298 0.0011071332614836801 261.5702582481426
412 0.0011071332614836801 173.33493589002765
750 0.0011071332614836801 126.94880858046679
618 0.0011071332614836801 359.3229744950913
425 0.0011071332614836801 14.866068747318506
513 0.0011527437704927997 330.32408328791286
430 0.0011071332614836801 6.0
824 0.0011071332614836801 80.76509146902515
166 0.0011071332614836801 358.7659404124087
32 0.0020965185554681965 43.70354676682432
34 0.0011071332614836801 575.6874151829272
148 0.0011071332614836801 331.12837389749615
264 0.0011071332614836801 416.00841337646045
45 0.0011071332614836801 61.220911460055866
856 0.0011071332614836801 245.507637355745
161 0.0011071332614836801 219.26239987740715
745 0.0011214362279807703 104.61835403025609
279 0.0013388883914940068 403.4513601414674
64 0.0011551503632953415 322.88852565552713
573 0.001162639269082481 1140.624390410796
180 0.0013022995462665678 220.34518374586725
689 0.0011071332614836801 237.71621736852538
296 0.0011163140730592028 425.90257101830224
17 0.0011071332614836801 348.5125535759078
444 0.0011071332614836801 182.64172579123314
149 0.0011071332614836801 69.66347680097513
375 0.0011620851342999089 868.6466485286178
733 0.0011071332614836801 543.8621148783946
601 0.0011071332614836801 26.13426869074396
584 0.0011071332614836801 470.1255151552615
819 0.0011695059916720237 237.25092202139066
562 0.0011071332614836801 3.4641016151377544
176 0.001164753783657674 489.0613458452835
423 0.0011071332614836801 83.60621986431393
694 0.0015137366147815966 305.60104711862493
191 0.0011071332614836801 42.17819341792628
402 0.0011071332614836801 107.54998837749821
732 0.0011071332614836801 200.4120754844877
22 0.0011071332614836801 72.19418259112018
44 0.0011071332614836801 314.1830676532394
843 0.0011071332614836801 102.93201639917486
772 0.0011071332614836801 74.91995728776145
286 0.0011071332614836801 351.1267577385694
743 0.0011071332614836801 243.8319093145932
826 0.0011071332614836801 36.05551275463989
577 0.0011071332614836801 316.9353246326449
711 0.0011071332614836801 181.8735824687027
579 0.0011071332614836801 96.15092303249095
291 0.0011071332614836801 78.8098978555359
59 0.0011792768908329679 1037.2010412644215
118 0.0011974340798160579 168.2646724657318
281 0.0011071332614836801 995.9492958981396
204 0.0011071332614836801 267.88616985578034
545 0.0011071332614836801 348.5096842269953
259 0.0011071332614836801 351.07406625952876
27 0.001534705876678279 139.2551614842337
413 0.0011071332614836801 34.828149534535996
641 0.0011071332614836801 309.6933967652523
71 0.0011071332614836801 324.18821693577945
391 0.0011071332614836801 985.7859808295104
12 0.0011071332614836801 70.88723439378913
445 0.0011071332614836801 61.73329733620261
382 0.0011071332614836801 532.8733433002631
54 0.00119688234173464 321.1697370550345
572 0.0011071332614836801 333.2791622649097
313 0.0011361768805593214 558.2857691182894
611 0.0011071332614836801 732.3871926788453
787 0.0011071332614836801 137.7425134081704
144 0.0011071332614836801 88.97752525216691
713 0.0011071332614836801 732.5223546076938
498 0.0011071332614836801 208.77499850317326
49 0.0012140506939626971 309.9645140979851
466 0.0011071332614836801 51.75905717843013
335 0.0011071332614836801 311.2137529094754
236 0.0011071332614836801 113.68817000902072
804 0.0011071332614836801 30.495901363953813
181 0.0011071332614836801 219.23959496404842
704 0.0013065470525277017 657.4655884531144
350 0.0011071332614836801 571.596885925737
540 0.0011071332614836801 10.44030650891055
86 0.0011071332614836801 196.8019308848366
159 0.0011071332614836801 142.8775699681374
672 0.0011071332614836801 176.58142597679972
764 0.0011071332614836801 7.14142842854285
604 0.0011071332614836801 314.48529377381067
187 0.0011071332614836801 70.31358332498779
406 0.0011071332614836801 121.18580774991764
172 0.0011071332614836801 169.36941872723068
831 0.0011071332614836801 140.09996431120175
113 0.0011465436175162253 104.18253212511203
681 0.0011071332614836801 1136.5117685268376
219 0.0011204547834807348 1167.9888698099824
274 0.0011071332614836801 24.979991993593593
784 0.0011071332614836801 75.53806987208503
419 0.0011071332614836801 215.75217264259473
81 0.0011071332614836801 761.7683374885045
736 0.0011071332614836801 521.5639941560383
377 0.0011170353152124347 62.369864518050704
230 0.0011071332614836801 97.9081201943945
362 0.0011071332614836801 211.88440244623953
451 0.0011071332614836801 49.24428900898052
76 0.0011071332614836801 33.77869150810907
567 0.0012439761157694745 2014.0824213522146
7 0.0011071332614836801 90.2551937563706
245 0.0011832836433772747 561.663600387278
737 0.0011071332614836801 572.8786957114045
318 0.001137602747311937 481.09042809018763
509 0.0011665785821862757 216.817895940349
39 0.0011071332614836801 142.68146340712937
649 0.0011071332614836801 308.5190431723786
434 0.0011071332614836801 35.04283093587046
98 0.001412970054169161 1380.7932502731899
616 0.0011071332614836801 658.5309408068841
303 0.0011071332614836801 248.29216661022554
271 0.0011660583216234492 350.03571246374275
208 0.0011071332614836801 14.832396974191326
599 0.0011071332614836801 23.259406699226016
863 0.0011071332614836801 45.31004303683677
477 0.0011375360495654357 511.8622861668947
811 0.0011071332614836801 53.5723809439155
387 0.0011071332614836801 36.75595189897821
494 0.0011071332614836801 564.6910659820996
631 0.0011071332614836801 27.440845468024488
758 0.001821510955311431 1838.6761541935546
345 0.0011071332614836801 356.4435439168453
858 0.0011071332614836801 359.9458292576815
367 0.0011071332614836801 47.36032094485847
552 0.0011071332614836801 57.043842787806646
535 0.0011071332614836801 313.65426826364086
816 0.0011071332614836801 287.008710669206
103 0.0011165866284028505 205.03658210182886
609 0.001117457757777655 385.48021998540986
323 0.0011071332614836801 24.228082879171435
594 0.0011071332614836801 318.183909084039
140 0.0011071332614836801 66.24198064671678
799 0.0011071332614836801 212.7439775880859
213 0.0011071332614836801 708.7665341986739
726 0.0011071332614836801 335.66054281073906
621 0.0011071332614836801 396.49464056907505
91 0.0011071332614836801 162.45922565370057
483 0.0011071332614836801 125.1878588362306
848 0.0011071332614836801 380.23150842611665
700 0.0011071332614836801 352.8611624987936
520 0.001142964745025101 557.8969438883852
66 0.0011071332614836801 90.53728513711906
240 0.0011071332614836801 183.38484124921558
251 0.0011207905185618258 287.4665197896966
626 0.0015602946598312364 400.87778686277943
769 0.0011071332614836801 81.61494961096282
668 0.0011071332614836801 225.7631502260721
155 0.0011071332614836801 34.161381705077446
198 0.0011071332614836801 39.698866482558415
108 0.0011071332614836801 61.335144900782616
330 0.0011592897686239336 318.06603088038185
462 0.0011071332614836801 85.36978388165218
685 0.0012533028607742492 1057.0818322154628
521 0.0011071332614836801 49.50757517794625
130 0.0011071332614836801 35.58089374931439
399 0.0011071332614836801 162.73598249926167
768 0.00111827134704708 1307.6436823538743
827 0.0011071332614836801 114.79547029391011
636 0.0011071332614836801 209.67594044143453
695 0.0013197295677610187 436.43212530701726
278 0.0011071332614836801 46.52956049652737
868 0.0011071332614836801 6.4031242374328485
780 0.0011071332614836801 66.9925368977769
455 0.0011071332614836801 24.06241883103193
223 0.0011071332614836801 608.0846980478952
608 0.0011071332614836801 96.57121724406295
394 0.0011071332614836801 24.71841418861655
306 0.0012370772304720146 682.5488993471457
135 0.0011071332614836801 304.05262702367827
563 0.001136997301948296 317.3468134391773
299 0.0011941418358168998 309.9145043395033
226 0.0011071332614836801 456.6267622468048
3 0.0011071332614836801 1455.000687285061
267 0.0011071332614836801 61.43289021363068
851 0.0011071332614836801 289.0484388471939
505 0.0011071332614836801 36.75595189897821
438 0.0011071332614836801 162.76977606423128
431 0.0011071332614836801 10.0
241 0.0011071332614836801 48.65182422068057
80 0.0011071332614836801 166.23176591734807
653 0.0011071332614836801 781.7013496214523
167 0.0011071332614836801 489.2749738132945
35 0.0012098868421267991 313.557012359794
658 0.001449077370015612 2250.549710626273
473 0.0011071332614836801 40.049968789001575
722 0.0012799948280056612 161.09314076024467
490 0.0013361905341179336 200.18990983563583
675 0.0011071332614836801 343.9811041321892
426 0.0011071332614836801 191.53589741873455
589 0.0011071332614836801 53.056573579529235
162 0.0011071332614836801 44.28317965096906
531 0.0011071332614836801 51.55579501860097
795 0.0011071332614836801 12.206555615733702
680 0.0011071332614836801 681.4866102866586
663 0.001143361733509245 476.13968538654706
548 0.0011071332614836801 716.9762897055941
374 0.0011071332614836801 99.92997548283498
255 0.0011071332614836801 625.6804296124341
648 0.0011071332614836801 155.00322577288512
209 0.0011071332614836801 606.0478528961224
487 0.0011071332614836801 310.3884662805627
112 0.001154400096079536 57.113921245174545
812 0.0011071332614836801 267.65276012027226
749 0.0011071332614836801 60.149812967290266
617 0.0011071332614836801 19.82422760159901
516 0.0011071332614836801 115.79291860904102
342 0.0011071332614836801 345.65589825721185
123 0.001161638549347154 753.3830367084197
355 0.0011071332614836801 57.94825277780168
754 0.001413045616192801 1194.770689295649
553 0.0011071332614836801 67.91906948714772
458 0.0016832916398655544 965.8245182226427
823 0.0011071332614836801 59.84981202978001
836 0.0011071332614836801 137.95289050976785
194 0.0011071332614836801 226.38904567138403
145 0.0011071332614836801 82.90355842785037
776 0.0011071332614836801 328.05639759041435
48 0.0011071332614836801 87.05745229444749
525 0.0011071332614836801 98.44287683728061
712 0.0011071332614836801 99.90995946350894
557 0.0011071332614836801 10.246950765959598
580 0.0011071332614836801 159.17600321656528
855 0.0011071332614836801 80.16233529532433
690 0.0011071332614836801 376.3004119051692
63 0.0011071332614836801 382.0091621937882
640 0.0011071332614836801 87.33269719870101
295 0.0011071332614836801 338.1094497348455
18 0.0011888921105143477 262.9942965161032
705 0.0011071332614836801 242.0268580137337
282 0.001121041663387748 237.78772045671323
150 0.0011071332614836801 65.19969325081216
707 0.0011071332614836801 29.816103031751148
414 0.0011071332614836801 155.4606059424702
95 0.0013200295790150149 297.25073591162055
327 0.0011071332614836801 93.35952013587045
739 0.0011071332614836801 74.08103670980854
409 0.0011071332614836801 18.76166303929372
263 0.0011071332614836801 2567.1639994359534
310 0.0011071332614836801 201.63581031156147
50 0.0011071332614836801 322.1133340922105
67 0.001148290777322247 384.05858928033365
199 0.0011071332614836801 3061.902676441562
673 0.0014570436034695192 467.9016990779153
177 0.0011071332614836801 146.56739064334877
791 0.0011071332614836801 111.67363162358427
182 0.001119981619004246 1447.22147579422
331 0.0011809156374381845 375.24658559405975
441 0.0011071332614836801 539.0556557536522
16 0.0011071332614836801 23.08679276123039
585 0.0011071332614836801 214.76498783554084
370 0.0011727936425097374 1388.6425025902095
717 0.0011071332614836801 178.03651310896873
502 0.0011071332614836801 165.79505420850165
840 0.0013232102196361589 727.2454881262585
463 0.0011071332614836801 1137.5442848522425
127 0.0011071332614836801 1168.9709149504106
338 0.0012034074488725865 742.8014539565738
470 0.0011232670076923984 137.17871555019022
576 0.0011071332614836801 63.20601237224193
808 0.0011071332614836801 240.22697600394508
359 0.0011162970546598516 68.64400920692205
643 0.0011175287165150708 57.4543296888929
544 0.0011071332614836801 251.99206336708306
31 0.0011071332614836801 26.77685567799177
744 0.0011071332614836801 146.00342461736986
336 0.0011071332614836801 335.4966467790699
703 0.0011071332614836801 273.3221542429373
656 0.0013538982353278367 470.1308328540046
613 0.0011071332614836801 105.66929544574431
154 0.0011212033889912835 698.7717796247928
600 0.0016571473367808945 297.4928570571065
864 0.0011071332614836801 184.88915598271305
11 0.0011071332614836801 26.814175355583846
727 0.0011071332614836801 324.99076909967766
72 0.0011071332614836801 705.8378000645757
175 0.0011071332614836801 509.8195759285828
386 0.0012459280986409453 39.52214569073901
314 0.0011071332614836801 432.416465921454
446 0.0011071332614836801 108.4665847162157
571 0.0011071332614836801 365.3792550214092
595 0.0011642101938258438 888.4418945547311
612 0.0011071332614836801 554.156115187769
143 0.0011180615254495472 164.61470165206995
497 0.0011461665184402563 452.7880298771159
43 0.0011071332614836801 638.6806713843781
859 0.0011071332614836801 10.63014581273465
845 0.0011071332614836801 1038.6005006738635
250 0.0011071332614836801 33.25657829663178
465 0.0011071332614836801 136.71137480107498
231 0.0011392651697963846 469.36659446534964
627 0.0011071332614836801 119.66620241321273
450 0.0011071332614836801 287.8089644191091
99 0.001117117015325709 285.4382595238417
363 0.0011301069229784093 205.24619363096602
556 0.0011071332614836801 39.03844259188627
539 0.0011071332614836801 21.354156504062622
87 0.001238658366446061 102.64014809030625
482 0.0011273004442445785 898.83313245563
203 0.0011071332614836801 111.99553562530964
671 0.0015194089200926636 1206.346136065433
688 0.0011395140921379744 637.5782304941097
524 0.0011071332614836801 312.3267519761956
581 0.0011931212599897495 461.5571470576531
495 0.0015206353816184478 48.569537778323564
759 0.0011071332614836801 865.3617740575326
218 0.0011071332614836801 51.478150704935004
104 0.0011263756952598263 635.3266876182678
368 0.0011071332614836801 262.80410955690934
844 0.0011071332614836801 58.75372328627353
771 0.0011071332614836801 416.70013198941996
588 0.0011071332614836801 626.1788881781308
699 0.0011071332614836801 74.15524256584965
813 0.0011071332614836801 159.7779709471866
517 0.0011071332614836801 253.90943267236057
319 0.0011071332614836801 261.66390656718403
748 0.0011071332614836801 301.10463297664484
40 0.0011071332614836801 108.75660899458019
304 0.0011190261776759388 407.46779013806724
26 0.001218955982968031 269.5496243736949
258 0.0011455977633518118 401.43243516188375
158 0.0011071332614836801 285.87060009731675
652 0.0011676515855271684 626.8325135153727
351 0.0011071332614836801 416.5189071338779
390 0.0011071332614836801 754.2724971785727
186 0.0011071332614836801 163.5817838269286
55 0.0011961061266052883 348.5928857564365
114 0.0011464794180143175 605.1561781887383
632 0.0011674092682416803 1117.2103651506281
401 0.0011071332614836801 31.843366656181317
171 0.0011071332614836801 23.790754506740637
139 0.0011071332614836801 239.46398476597687
731 0.0011071332614836801 925.2567211320327
418 0.0011327695107560079 1132.8503872974577
786 0.0011071332614836801 256.9727612024278
781 0.0011071332614836801 12.0
23 0.0011071332614836801 72.40856302952021
8 0.0011071332614836801 76.70723564306043
75 0.0011071332614836801 179.43801158060128
568 0.0011071332614836801 336.258828880373
290 0.0011500421609749532 401.39008458107185
119 0.0011726965984443104 1685.4305088018314
58 0.0011071332614836801 453.57358829632045
378 0.0011071332614836801 11.224972160321824
235 0.0011071332614836801 201.76471445721128
246 0.0011275881309596614 127.83583222242503
433 0.0011071332614836801 63.8200595424354
510 0.0011849491892095595 246.34325645326686
207 0.0011653180700112503 1077.929032914505
667 0.0011071332614836801 171.64498244924027
478 0.0011071332614836801 339.7822832344265
763 0.0011071332614836801 55.04543577809154
272 0.0011071332614836801 708.2238346737562
383 0.0011071332614836801 331.0513555326424
832 0.001142674078036523 217.2602126483356
684 0.001146166518440257 13.856406460551018
346 0.001125411674862137 180.23595645708434
549 0.0011071332614836801 112.67209059922514
536 0.0014561941695352947 1755.1800477443903
82 0.0011310481162182988 476.2320862772688
716 0.0011071332614836801 398.4883938084019
214 0.0011071332614836801 518.9306312022832
800 0.0011071332614836801 62.75348595894893
287 0.0012497259016953765 459.8206171976198
151 0.0011534076098955305 401.414997228554
300 0.0011071332614836801 158.48659249286672
620 0.0011071332614836801 12.922847983320086
752 0.0011240804738877961 1276.161431794583
447 0.0011232670076923984 1035.7972774631144
315 0.0011497359855405422 275.42694131112154
432 0.0011071332614836801 184.75659663459922
833 0.0011071332614836801 625.8034835313719
410 0.0011222314902904393 562.8187985488757
36 0.0011071332614836801 151.8090906368917
168 0.0021831849270354206 321.5462641673823
835 0.0011071332614836801 61.39218191268331
262 0.0011071332614836801 50.85272854036448
146 0.0011071332614836801 136.53570961473778
30 0.0011071332614836801 66.25707509390978
51 0.0011071332614836801 20.049937655763422
818 0.0011071332614836801 574.3666076644777
405 0.0011071332614836801 102.05880657738459
854 0.0011071332614836801 138.08330818748513
190 0.0011071332614836801 876.5044209814347
183 0.0011071332614836801 558.2311349253104
19 0.0011071332614836801 428.04205400871535
422 0.0011071332614836801 438.72428699583065
790 0.0011313338807967574 23.979157616563597
867 0.0011071332614836801 46.486557196677836
273 0.0011071332614836801 237.25302948539982
865 0.0011071332614836801 81.4616474176652
373 0.0011071332614836801 58.08614292583042
603 0.00111805774015204 894.8994356909608
735 0.001424039856878649 360.98476422142807
564 0.0011071332614836801 212.78627775305438
305 0.0011071332614836801 1740.0399420702963
210 0.001343054043499989 1273.8571348467615
326 0.0011071332614836801 159.3361227091961
107 0.0011071332614836801 60.991802727907626
239 0.0011170030083487196 622.7832688825223
242 0.0011071332614836801 957.3113391159638
4 0.0011071332614836801 187.86963565195947
294 0.0011071332614836801 224.75764725588314
126 0.0011071332614836801 56.96490147450446
801 0.0011071332614836801 233.5358644833808
136 0.0011229756402979824 948.0221516399287
341 0.0011071332614836801 244.72229158783227
506 0.0011071332614836801 73.70210309075311
268 0.001222179067429423 73.45066371381542
358 0.0011071332614836801 359.0877330124214
79 0.0011071332614836801 472.10062486719926
807 0.0011071332614836801 80.17480901130978
195 0.0011071332614836801 485.9073985853683
437 0.0011948082601865512 347.9425239892359
474 0.0011071332614836801 91.67333309092672
767 0.0011071332614836801 115.78860047517631
664 0.0011071332614836801 707.1329436534547
400 0.0011071332614836801 94.36630754670864
828 0.0011071332614836801 88.57764955111419
635 0.001203289801672129 676.5766771031942
532 0.0011071332614836801 1027.9756806461912
696 0.0016352471912483505 544.7522372602062
720 0.0011071332614836801 768.919371585864
94 0.0011071332614836801 10.488088481701515
796 0.0011071332614836801 73.29392880723478
283 0.0013905581994425509 431.4533578499535
415 0.0011071332614836801 845.4856592515333
395 0.0011071332614836801 1493.7924889354613
624 0.0011253880841267001 527.3025696884096
839 0.0011071332614836801 9.433981132056603
728 0.0011071332614836801 328.4417756619885
740 0.0011071332614836801 202.220177034835
464 0.0011071332614836801 282.99469959700656
332 0.0011266333369327444 354.63643354850046
575 0.0011071332614836801 364.21696830323543
427 0.0011071332614836801 394.8974550437113
860 0.0011071332614836801 525.4540893360713
596 0.0011071332614836801 32.60368077380221
528 0.001136284774964621 173.14444836609692
644 0.0011071332614836801 15.937377450509228
459 0.0011071332614836801 96.01562372864116
723 0.0011071332614836801 392.2715895906814
822 0.0011071332614836801 143.22709240922262
131 0.0011071332614836801 55.21775076911409
47 0.0011071332614836801 42.485291572496
15 0.0011071332614836801 182.414363469547
163 0.0011071332614836801 13.784048752090222
200 0.0011071332614836801 33.481338085566414
850 0.0011071332614836801 105.75443253121828
68 0.0011071332614836801 1480.3600913291334
62 0.0011071332614836801 1178.9927904783813
178 0.0011071332614836801 205.91745919178393
277 0.0014959935132927286 1204.5185760294441
691 0.0011554613517301417 357.0966255791281
442 0.0011071332614836801 248.2740421389236
501 0.0011071332614836801 46.08687448721165
369 0.0012053398329405836 612.6295781302108
607 0.0011071332614836801 72.29799443968
90 0.0011611022052493325 384.84672273516895
111 0.0011071332614836801 196.32625906892844
254 0.0011071332614836801 17.233687939614086
227 0.0011441770096384009 202.35612172603032
322 0.0011071332614836801 69.34695379034324
486 0.0012099789631290474 345.5430508634199
803 0.0011071332614836801 118.91593669479293
337 0.0011071332614836801 293.7856361362822
122 0.001181336682743317 138.32208789632983
469 0.0011071332614836801 34.713109915419565
354 0.0011071332614836801 123.04064369142418
83 0.0011071332614836801 362.7133854712285
309 0.0011071332614836801 127.85147633093644
659 0.0011071332614836801 41.641325627314025
543 0.0011071332614836801 2749.351923635823
215 0.0011240804738877961 352.5152478971654
775 0.0011071332614836801 87.82368700982668
560 0.0011071332614836801 301.1976095522672
639 0.0011071332614836801 326.958712989882
755 0.0011071332614836801 315.2221438922082
676 0.0011175287165150708 407.96813601064486
491 0.0011470037932077252 437.2939514788651
222 0.0011071332614836801 9.433981132056603
592 0.0011071332614836801 41.2189276910499
496 0.0017563314474860984 55.281099844341014
454 0.0011423588872662529 884.0316736407129
364 0.0011757564354031153 158.25612152457168
708 0.0011071332614836801 163.68872899500442
232 0.0011071332614836801 346.7463049550781
100 0.0011071332614836801 19.0
